Iteration	CPUTime	PhysTime	Travels	Value	AvValue	MinValue	MaxValue	Delta	Criteria	Progress	dGMaxMin	CriteriaType	CriteriaVarType	CriteriaPercentage
1	2	0	0.0152868459	293.2	293.2	293.2	293.2	0	0	0	0	1.49009e-09	0	0	3
2	2	0	0.0305736918	293.2	293.2	293.2	293.2	3.12638804e-12	0	0	0	1.48492e-09	0	0	3
3	3	0	0.0458605377	293.2	293.2	293.2	293.2	6.42330633e-12	0	0	0	1.48236e-09	0	0	3
4	3	0	0.0611473836	293.2	293.2	293.2	293.2	9.66338121e-12	0	0	0	1.4798e-09	0	0	3
5	3	0	0.0764342295	293.2	293.2	293.2	293.2	1.29602995e-11	0	0	0	1.47691e-09	0	0	3
6	4	0	0.0917210754	293.2	293.2	293.2	293.2	1.83604243e-11	0	0	0	1.46935e-09	0	0	3
7	4	0	0.107007921	293.2	293.2	293.2	293.2	3.24575922e-11	0	0	0	1.43814e-09	0	0	3
8	4	0	0.122294767	293.2	293.2	293.2	293.2	8.59472493e-11	0	0	0	1.25351e-09	0	0	3
9	5	0	0.137581613	293.2	293.2	293.2	293.2	2.02419415e-10	0	0	0	5.84976e-10	0	0	3
10	5	0	0.152868459	293.2	293.2	293.2	293.2	3.26053851e-10	0	0	0	1.18064e-10	0	0	3
11	5	0	0.168155305	293.2	293.2	293.2	293.2	4.30247837e-10	0	0	0	1.23578e-10	0	0	3
12	5	0	0.183442151	293.2	293.2	293.2	293.2	5.16877208e-10	0	0	0	1.36993e-10	0	0	3
13	6	0	0.198728997	293.2	293.2	293.2	293.2	5.89864158e-10	0	0	0	1.60355e-10	0	0	3
14	6	0	0.214015843	293.2	293.2	293.2	293.2	6.52164545e-10	0	0	0	1.82411e-10	0	0	3
15	6	0	0.229302689	293.2	293.2	293.2	293.2	7.05881575e-10	0	0	0	2.01396e-10	0	0	3
16	7	0	0.244589534	293.2	293.2	293.2	293.2	7.52606866e-10	0	0	0	2.19529e-10	0	0	3
17	7	0	0.25987638	293.2	293.2	293.2	293.2	7.93590971e-10	0	0	0	2.35502e-10	0	0	3
18	7	0	0.275163226	293.2	293.2	293.2	293.2	8.29800229e-10	0	0	0	2.49827e-10	0	0	3
19	8	0	0.290450072	293.2	293.2	293.2	293.2	8.62030447e-10	0	0	0	2.63014e-10	0	0	3
20	8	0	0.305736918	293.2	293.2	293.2	293.2	8.90793217e-10	0	0	0	2.75179e-10	0	0	3
21	8	0	0.321023764	293.2	293.2	293.2	293.2	9.16656973e-10	0	0	0	2.87059e-10	0	0	3
22	8	0	0.33631061	293.2	293.2	293.2	293.2	9.40076461e-10	0	0	0	2.97973e-10	0	0	3
23	9	0	0.351597456	293.2	293.2	293.2	293.2	9.61222213e-10	0	0	0	3.08205e-10	0	0	3
24	9	0	0.366884302	293.2	293.2	293.2	293.2	9.80492132e-10	0	0	0	3.17812e-10	0	0	3
25	9	0	0.382171148	293.2	293.2	293.2	293.2	9.97999905e-10	0	0	0	3.26963e-10	0	0	3
26	10	0	0.397457993	293.2	293.2	293.2	293.2	1.01408659e-09	0	0	0	3.35945e-10	0	0	3
27	10	0	0.412744839	293.2	293.2	293.2	293.2	1.02880904e-09	0	0	0	3.44414e-10	0	0	3
28	10	0	0.428031685	293.2	293.2	293.2	293.2	1.04233777e-09	0	0	0	3.52372e-10	0	0	3
29	10	0	0.443318531	293.2	293.2	293.2	293.2	1.05478648e-09	0	0	0	3.60046e-10	0	0	3
30	11	0	0.458605377	293.2	293.2	293.2	293.2	1.06632569e-09	0	0	0	3.67436e-10	0	0	3
31	11	0	0.473892223	293.2	293.2	293.2	293.2	1.0770691e-09	0	0	0	3.74541e-10	0	0	3
32	11	0	0.489179069	293.2	293.2	293.2	293.2	1.08695986e-09	0	0	0	3.81419e-10	0	0	3
33	12	0	0.504465915	293.2	293.2	293.2	293.2	1.09616849e-09	0	0	0	3.8807e-10	0	0	3
34	12	0	0.519752761	293.2	293.2	293.2	293.2	1.13504939e-09	0	0	0	3.94436e-10	0	0	3
35	12	0	0.535039607	293.2	293.2	293.2	293.2	1.17347554e-09	0	0	0	4.00632e-10	0	0	3
36	12	0	0.550326453	293.2	293.2	293.2	293.2	1.21161747e-09	0	0	0	4.06487e-10	0	0	3
37	13	0	0.565613298	293.2	293.2	293.2	293.2	1.24953203e-09	0	0	0	4.12342e-10	0	0	3
38	13	0	0.580900144	293.2	293.2	293.2	293.2	1.28494548e-09	0	0	0	4.17913e-10	0	0	3
39	13	0	0.59618699	293.2	293.2	293.2	293.2	1.31097977e-09	0	0	0	4.23427e-10	0	0	3
40	14	0	0.611473836	293.2	293.2	293.2	293.2	1.01164233e-09	0	0	0	4.28827e-10	0	0	3
41	14	0	0.626760682	293.2	293.2	293.2	293.2	3.38388872e-10	0	0	0	4.33374e-10	0	0	3
42	14	0	0.642047528	293.2	293.2	293.2	293.2	1.12265752e-10	0	0	0	4.3849e-10	0	0	3
43	15	0	0.657334374	293.2	293.2	293.2	293.2	1.15676357e-10	0	0	0	4.43322e-10	0	0	3
44	15	0	0.67262122	293.2	293.2	293.2	293.2	1.1755219e-10	0	0	0	4.4821e-10	0	0	3
45	15	0	0.687908066	293.2	293.2	293.2	293.2	1.16529009e-10	0	0	0	4.52872e-10	0	0	3
46	15	0	0.703194912	293.2	293.2	293.2	293.2	1.15448984e-10	0	0	0	4.56453e-10	0	0	3
47	16	0	0.718481757	293.2	293.2	293.2	293.2	1.14198428e-10	0	0	0	4.60943e-10	0	0	3
48	16	0	0.733768603	293.2	293.2	293.2	293.2	1.13743681e-10	0	0	0	4.65263e-10	0	0	3
49	16	0	0.749055449	293.2	293.2	293.2	293.2	1.1289103e-10	0	0	0	4.69583e-10	0	0	3
50	17	0	0.764342295	293.2	293.2	293.2	293.2	1.11640475e-10	0	0	0	4.7379e-10	0	0	3
51	17	0	0.779629141	293.2	293.2	293.2	293.2	1.11185727e-10	0	0	0	4.76177e-10	0	0	3
52	17	0	0.794915987	293.2	293.2	293.2	293.2	1.10219389e-10	0	0	0	4.8027e-10	0	0	3
53	17	0	0.810202833	293.2	293.2	293.2	293.2	1.09878329e-10	0	0	0	4.84192e-10	0	0	3
54	18	0	0.825489679	293.2	293.2	293.2	293.2	1.09537268e-10	0	0	0	4.88058e-10	0	0	3
55	18	0	0.840776525	293.2	293.2	293.2	293.2	1.08911991e-10	0	0	0	4.91866e-10	0	0	3
56	18	0	0.856063371	293.2	293.2	293.2	293.2	1.084004e-10	0	0	0	4.9306e-10	0	0	3
57	19	0	0.871350216	293.2	293.2	293.2	293.2	1.06865627e-10	0	0	0	4.96755e-10	0	0	3
58	19	0	0.886637062	293.2	293.2	293.2	293.2	1.06808784e-10	0	0	0	5.00336e-10	0	0	3
59	19	0	0.901923908	293.2	293.2	293.2	293.2	1.05615072e-10	0	0	0	5.0386e-10	0	0	3
60	19	0	0.917210754	293.2	293.2	293.2	293.2	1.04932951e-10	0	0	0	5.07441e-10	0	0	3
61	20	0	0.9324976	293.2	293.2	293.2	293.2	1.04591891e-10	0	0	0	5.07498e-10	0	0	3
62	20	0	0.947784446	293.2	293.2	293.2	293.2	1.04023457e-10	0	0	0	5.10852e-10	0	0	3
63	20	0	0.963071292	293.2	293.2	293.2	293.2	1.03455022e-10	0	0	0	5.14206e-10	0	0	3
64	21	0	0.978358138	293.2	293.2	293.2	293.2	1.02204467e-10	0	0	0	5.17502e-10	0	0	3
65	21	0	0.993644984	293.2	293.2	293.2	293.2	1.02147624e-10	0	0	0	5.20686e-10	0	0	3
66	21	0	1.00893183	293.2	293.2	293.2	293.2	1.01522346e-10	2.932e-06	0	100	5.19663e-10	0	0	3
